7
11
17
31
37
59
67
73
109
137
191
229
271
331
359
373
449
467
499
541
557
607
613
617
673
701
719
733
739
823
929
947
1013
1019
1033
1051
1181
1193
1237
1481
1531
1607
1627
1657
1663
1667
1699
1907
2069
2143
2213
2297
2377
2381
2411
2441
2503
2579
2707
2789
2843
2917
2957
3049
3119
3301
3461
3469
3637
3769
3911
3923
3931
4019
4159
4253
4583
4729
4919
5051
5059
5099
5171
5281
5323
5381
5419
5449
5507
5521
5531
5573
5801
5839
5869
5923
6037
6073
6263
6277
6353
6451
6469
6529
6563
6571
6599
6637
6653
6793
6871
6899
6947
7039
7057
7159
7253
7369
7591
7649
7691
7963
8219
8237
8377
8431
8629
8669
8699
8713
8747
8783
9103
9157
9181
9241
9461
9521
9623
9857
9887
9901
